album	zapr.github	proj.oddany
101355	11.04.2020	          
101394	          	          
101403	          	          
101415	          	          
101445	          	          
101458	          	          
101466	10.04.2020	10.04.2020
101467	          	          
101473	          	          
101494	          	          
101495	          	          
101496	          	          
101503	          	          
101551	          	          
104995	          	          
101569	          	          
101584	12.04.2020	          
101597	11.04.2020	11.04.2020
101601	          	          
101620	          	          
101624	          	          
104997	3.04.2019	3.04.2020
101633	          	          
101395	          	          
104989	          	          
101401	28.03.2019	28.03.2020
101435	          	          
101439	          	          
101455	          	          
101457	          	          
104994	5.04.2019	5.04.2020
101484	          	          
101485	31.03.2019	31.03.2020
101493	6.04.2019	6.04.2020
101511	          	          
101517	          	          
101548	          	          
101550	27.03.2019	27.03.2020
87614	          	          
101588	          	          
101600	          	          
101604	30.03.2019	30.03.2020
104996	          	          
101625	          	          
101248	          	          
101252	          	          
101272	          	          
101321	          	          
101335	12.04.2020	          
101347	          	          
101392	          	          
101443	          	          
101487	          	          
101532	          	          
101538	          	          
99658	          	          
101580	          	          
101611	7.04.2020	          
101615	          	          
92113	          	          
